              precision    recall  f1-score   support

           1       0.51      0.81      0.63       227
          10       0.96      1.00      0.98       235
          11       0.98      1.00      0.99       246
          12       0.80      0.59      0.68       249
          13       0.86      0.91      0.89       289
          14       0.84      0.73      0.78       235
          15       0.93      0.52      0.67       241
          16       0.82      0.75      0.78       250
          17       0.84      0.91      0.87       247
          18       0.98      1.00      0.99       242
          19       0.90      0.73      0.81       235
           2       0.96      0.93      0.94       283
           3       0.93      0.96      0.94       246
           4       0.90      1.00      0.95       253
           5       0.96      1.00      0.98       261
           6       0.81      0.80      0.81       229
           7       0.97      1.00      0.98       257
           8       0.93      1.00      0.96       274
           9       0.94      1.00      0.97       271

    accuracy                           0.88      4770
   macro avg       0.88      0.88      0.87      4770
weighted avg       0.89      0.88      0.88      4770

